1 107.906 32.315
2 97.872 33.907
3 97.809 29.271
4 97.701 28.623
5 98.306 33.32
6 103.996 29.219
7 106.864 29.657
8 102.326 32.572
9 100.048 33.227
10 98.905 26.765
11 104.136 31.042
12 98.793 28.042
13 98.937 27.34
14 104.655 26.567
15 98.71 28.591
16 104.435 32.421
17 97.683 27.874
18 98.008 28.341
19 106.648 30.268
20 98.162 28.066
21 98.514 30.417
22 104.734 33.799
23 107.673 27.707
24 103.462 26.608
25 100.002 28.933
26 100.401 32.023
27 99.718 28.559
28 99.465 31.521
29 102.47 26.53
30 100.251 27.024
31 107.714 31.861
32 105.008 33.522
33 99.522 30.385
34 99.764 32.899
35 101.36 26.362
36 105.706 33.452
37 107.029 29.044
38 101.068 30.526
39 107.246 29.319
40 100.726 28.527
41 105.594 30.621
42 107.257 33.345
43 102.495 33.867
44 97.679 33.453
45 100.754 30.818
46 100.53 30.353
47 105.893 32
48 106.148 33.177
49 107.95 32.135
50 97.349 31.582
51 105.39 28.221
52 105.361 32.318
53 100.335 32.179
54 106.193 33.378
55 105.038 33.01
56 102.305 30.402
57 98.744 26.886
58 107.6 28.114
59 101.539 30.321
60 100.923 31.1
61 99.835 31.833
62 99.094 30.818
63 98.768 34.12
64 106.455 29.814
65 101.107 29.614
66 101.343 32.147
67 101.222 32.478
68 98.725 31.665
69 104.549 29.086
70 102.366 34.113
71 106.629 28.753
72 99.81 28.479
73 103.345 33.57
74 102.547 30.289
75 107.053 30.2
76 104.622 30.488
77 101.338 29.502
78 100.188 28.497
79 99.612 32.829
80 107.521 31.407
81 107.953 26.91
82 102.351 32.115
83 107.352 31.579
84 103.512 30.321
85 106.793 27.769
86 103.786 28.491
87 99.527 26.297
88 104.132 26.175
89 101.46 28.41
90 102.155 33.941
91 107.651 32.957
92 102.403 30.153
93 101.148 26.037
94 107.383 28.484
95 99.442 27.926
96 97.486 32.999
97 103.698 32.366
98 103.359 32.082
99 102.381 30.679
100 108.3 28.976
